0 0 0 0 0 0 0 0 0 0 0 0 0 0 0 0 0 0 0 0 0 0 0 0 0 0 0 0 0 0 0 0 0 0 0 0 0 0 0 0 0 0 0 0 0 0 0 0 0 0 0 4 10 8 2 0 0 0 0 0 0 0 0 0 0 0 0 40 85 79 57 43 42 42 42 36 10 0 0 0 0 0 0 25 49 56 82 88 93 94 92 109 40 0 0 0 0 0 0 0 0 0 3 5 8 9 52 96 21 0 0 0 0 0 0 0 0 0 0 0 0 15 98 60 4 0 0 0 0 0 0 0 0 0 0 0 2 55 96 17 0 0 0 0 0 0 0 0 0 0 0 0 12 89 50 1 0 0 0 0 0 0 0 0 0 0 0 6 65 92 11 0 0 0 0 0 0 0 0 0 0 0 0 46 104 45 0 0 0 0 0 0 0 0 0 0 0 0 16 90 71 7 0 0 0 0 0 0 0 0 0 0 0 2 64 112 31 0 0 0 0 0 0 0 0 0 0 0 0 14 104 96 20 0 0 0 0 0 0 0 0 0 0 0 0 8 49 25 1 0 0 0 0 0 0 0
0 0 0 0 0 0 0 0 0 0 0 0 0 0 0 0 0 0 0 0 0 4 18 30 29 11 0 0 0 0 0 0 0 0 0 0 9 69 109 114 115 77 5 0 0 0 0 0 0 0 0 2 52 113 69 41 74 105 16 0 0 0 0 0 0 0 0 2 42 56 6 10 84 99 10 0 0 0 0 0 0 0 0 0 1 1 2 48 113 71 2 0 0 0 0 0 0 0 0 0 0 0 23 98 96 19 0 0 0 0 0 0 0 0 0 0 0 5 83 108 36 1 0 0 0 0 0 0 0 0 0 0 1 37 115 70 7 0 0 0 0 0 0 0 0 0 0 0 12 89 107 27 0 0 0 0 0 0 0 0 0 0 0 0 46 123 54 4 2 0 0 2 8 15 12 1 0 0 0 0 50 125 93 77 76 58 57 76 88 96 81 19 0 0 0 0 25 88 97 103 119 111 94 86 72 55 38 11 0 0 0 0 0 9 12 16 24 22 13 7 0 0 0 0 0 0 0 0 0 0 0 0 0 0 0 0 0 0 0 0 0 0 0 0 0 0 0 0 0 0 0 0 0 0 0 0
0 0 0 0 0 0 0 0 0 0 0 0 0 0 0 0 0 0 0 0 0 0 0 0 0 0 0 0 0 0 0 0 0 0 0 0 0 0 0 0 1 35 44 1 0 0 0 0 0 0 0 0 0 0 0 0 4 66 42 0 0 0 0 0 0 0 0 0 0 0 0 0 16 84 17 0 0 0 0 0 0 0 0 0 0 0 0 0 43 81 2 0 0 0 0 0 0 0 0 0 0 0 0 5 71 71 0 0 0 0 0 0 0 0 0 0 0 0 0 22 90 32 0 0 0 0 0 0 0 0 0 0 0 0 0 47 90 13 0 0 0 0 0 0 0 0 0 0 0 0 4 73 65 1 0 0 0 0 0 0 0 0 0 0 0 0 16 96 46 0 0 0 0 0 0 0 0 0 0 0 0 0 36 106 29 0 0 0 0 0 0 0 0 0 0 0 0 0 67 90 13 0 0 0 0 0 0 0 0 0 0 0 0 0 53 36 2 0 0 0 0 0 0 0 0 0 0 0 0 0 0 0 0 0 0 0 0 0 0 0 0 0 0 0 0 0 0 0 0 0 0 0 0 0 0 0
0 0 0 0 0 0 0 0 0 0 0 0 0 0 0 0 0 0 0 0 0 0 0 0 0 0 0 0 0 0 0 0 0 0 0 0 0 0 1 43 79 25 0 0 0 0 0 0 0 0 0 0 0 2 24 98 122 56 4 0 0 0 0 0 0 0 0 0 0 24 97 123 124 97 56 8 0 0 0 0 0 0 0 0 6 78 126 124 107 97 115 51 2 0 0 0 0 0 0 1 46 117 116 75 24 14 87 105 39 1 0 0 0 0 0 2 61 118 54 6 0 0 40 116 81 5 0 0 0 0 0 5 71 94 4 0 0 0 40 117 91 9 0 0 0 0 0 12 98 90 0 0 1 28 94 119 62 2 0 0 0 0 0 13 102 92 10 23 46 103 125 89 14 0 0 0 0 0 0 9 85 115 93 117 122 123 110 39 0 0 0 0 0 0 0 2 40 102 124 124 121 87 31 5 0 0 0 0 0 0 0 0 3 21 67 74 46 18 0 0 0 0 0 0 0 0 0 0 0 0 0 0 0 0 0 0 0 0 0 0 0 0 0 0 0 0 0 0 0 0 0 0 0 0 0 0
0 0 0 0 0 0 0 0 0 0 0 0 0 0 0 0 0 0 0 0 0 0 0 0 0 0 0 0 0 0 0 0 0 0 0 0 0 1 13 1 0 0 1 4 0 0 0 0 0 0 0 0 0 14 70 4 0 0 10 46 7 0 0 0 0 0 0 0 1 39 77 4 0 0 11 73 17 0 0 0 0 0 0 0 17 85 33 1 0 0 20 95 20 0 0 0 0 0 0 5 63 76 2 0 0 1 58 92 13 0 0 0 0 0 0 15 92 36 0 0 0 13 98 54 2 0 0 0 0 0 0 18 90 24 2 2 3 33 108 33 0 0 0 0 0 0 0 9 77 84 57 58 69 96 109 20 0 0 0 0 0 0 0 0 13 45 57 54 38 88 102 7 0 0 0 0 0 0 0 0 0 1 2 1 3 69 102 8 0 0 0 0 0 0 0 0 0 0 0 0 3 70 98 5 0 0 0 0 0 0 0 0 0 0 0 0 4 78 54 2 0 0 0 0 0 0 0 0 0 0 0 0 1 15 2 0 0 0 0 0 0 0 0 0 0 0 0 0 0 0 0 0 0 0 0 0
0 0 0 0 0 0 0 0 0 0 0 0 0 0 0 0 0 0 0 0 0 0 0 0 0 0 0 0 0 0 0 0 0 0 0 0 0 0 0 0 0 11 12 0 0 0 0 0 0 0 0 0 0 0 0 0 7 78 80 5 0 0 0 0 0 0 0 0 0 0 0 0 30 113 70 3 0 0 0 0 0 0 0 0 0 0 0 4 66 123 36 0 0 0 0 0 0 0 0 0 0 0 0 14 97 100 10 0 0 0 0 0 0 0 0 0 0 0 0 37 114 68 0 0 0 0 0 0 0 0 0 0 0 0 2 65 114 30 0 0 0 0 0 0 0 0 0 0 0 0 10 92 99 14 0 0 0 0 0 0 0 0 0 0 0 0 31 114 65 1 0 0 0 0 0 0 0 0 0 0 0 0 52 108 30 0 0 0 0 0 0 0 0 0 0 0 0 0 72 98 14 0 0 0 0 0 0 0 0 0 0 0 0 0 57 80 9 0 0 0 0 0 0 0 0 0 0 0 0 0 6 15 2 0 0 0 0 0 0 0 0 0 0 0 0 0 0 0 0 0 0 0 0 0 0 0
0 0 0 0 0 0 0 0 0 0 0 0 0 0 0 0 0 0 0 0 0 0 0 0 0 0 0 0 0 0 0 0 0 0 0 0 0 6 13 2 0 0 0 0 3 2 0 0 0 0 0 0 9 70 63 5 0 0 0 14 62 20 0 0 0 0 0 3 51 98 20 0 0 0 3 57 74 9 0 0 0 0 0 23 88 51 0 0 0 0 33 95 33 0 0 0 0 0 0 53 106 36 10 7 10 30 93 59 3 0 0 0 0 0 0 34 101 106 90 80 83 109 102 21 0 0 0 0 0 0 0 3 22 51 66 48 46 105 61 3 0 0 0 0 0 0 0 0 0 0 0 1 41 94 14 0 0 0 0 0 0 0 0 0 0 0 0 9 85 69 2 0 0 0 0 0 0 0 0 0 0 0 0 32 103 29 1 0 0 0 0 0 0 0 0 0 0 0 0 60 103 41 32 1 0 0 0 0 0 0 0 0 0 0 0 53 105 77 29 1 0 0 0 0 0 0 0 0 0 0 0 7 20 5 0 0 0 0 0 0 0 0 0 0 0 0 0 0 0 0 0 0 0 0 0 0
0 0 0 0 0 0 0 0 0 0 0 0 0 0 0 0 0 0 0 0 0 0 0 0 0 0 0 0 0 0 0 0 0 0 0 0 0 0 0 0 0 0 0 0 0 0 0 0 0 0 0 0 0 1 20 47 8 0 0 0 0 0 0 0 0 0 0 0 0 24 98 111 37 3 0 0 0 0 0 0 0 0 0 0 4 74 121 121 109 53 1 0 0 0 0 0 0 0 0 0 18 98 47 53 111 111 24 0 0 0 0 0 0 0 0 0 29 97 21 21 103 115 27 0 0 0 0 0 0 0 0 0 18 100 77 83 94 108 54 2 0 0 0 0 0 0 0 0 2 49 109 78 21 63 95 16 0 0 0 0 0 0 0 0 0 2 18 9 0 14 96 53 2 0 0 0 0 0 0 0 0 0 0 0 0 0 48 92 21 0 0 0 0 0 0 0 0 0 0 0 0 0 10 82 63 3 0 0 0 0 0 0 0 0 0 0 0 0 0 29 88 19 0 0 0 0 0 0 0 0 0 0 0 0 0 3 49 32 0 0 0 0 0 0 0 0 0 0 0 0 0 0 2 2 0 0
0 0 0 0 0 0 0 0 0 0 0 0 0 0 0 0 0 0 0 0 0 0 0 0 0 0 0 0 0 0 0 0 0 0 0 0 0 0 0 0 3 17 34 36 40 47 10 0 0 0 0 0 0 0 2 35 76 103 120 119 114 117 33 0 0 0 0 0 4 21 10 76 116 106 88 70 56 55 15 0 0 0 0 4 51 77 9 20 27 19 7 1 0 0 0 0 0 0 2 46 97 31 0 0 0 0 0 0 0 0 0 0 0 0 13 94 69 5 0 0 0 0 0 0 0 0 0 0 0 0 23 115 104 58 26 22 14 16 4 0 0 0 0 0 0 0 12 83 119 122 112 110 106 105 72 10 0 0 0 0 0 0 0 7 29 48 92 124 114 118 117 35 0 0 0 0 0 0 0 0 0 1 45 118 97 107 112 31 0 0 0 0 0 0 0 0 0 0 14 86 118 111 58 6 0 0 0 0 0 0 0 0 0 0 0 15 49 31 3 0 0 0 0 0 0 0 0 0 0 0 0 0 0 0 0 0 0 0 0 0 0 0 0 0 0 0 0 0 0 0 0 0 0 0 0 0
0 0 0 0 0 0 0 0 0 0 0 0 0 0 0 0 0 0 0 0 0 0 0 0 0 0 0 0 0 0 0 0 0 0 0 0 0 0 0 0 0 0 0 0 0 0 0 0 0 0 0 0 0 0 0 1 5 12 7 1 0 0 0 0 0 0 0 0 0 1 14 47 72 94 78 50 22 0 0 0 0 0 0 0 10 48 96 105 81 78 100 114 86 14 0 0 0 0 0 11 74 114 70 23 3 28 60 101 116 28 0 0 0 0 0 28 108 100 53 56 59 81 112 119 81 9 0 0 0 0 0 10 58 94 99 99 114 126 120 72 17 0 0 0 0 0 0 0 1 13 17 33 101 119 58 8 0 0 0 0 0 0 0 0 0 0 13 83 122 79 4 0 0 0 0 0 0 0 0 0 0 0 53 121 95 21 0 0 0 0 0 0 0 0 0 0 0 16 101 111 39 1 0 0 0 0 0 0 0 0 0 0 2 61 123 64 5 0 0 0 0 0 0 0 0 0 0 0 4 87 96 14 0 0 0 0 0 0 0 0 0 0 0 0 1 32 32 1 0 0 0 0 0 0 0 0
0 0 0 0 0 0 0 0 0 0 0 0 0 0 0 0 0 0 0 0 0 0 0 0 0 0 0 0 0 0 0 0 0 0 0 0 0 5 31 34 61 60 41 14 1 0 0 0 0 0 0 0 3 57 113 101 94 91 108 91 21 0 0 0 0 0 0 0 13 99 86 26 14 11 46 108 67 4 0 0 0 0 0 0 23 98 28 0 0 0 2 68 100 15 0 0 0 0 0 2 55 90 8 0 0 0 0 39 104 21 0 0 0 0 0 11 86 50 0 0 0 0 0 35 103 21 0 0 0 0 0 15 89 22 0 0 0 0 0 36 103 21 0 0 0 0 0 34 99 20 0 0 0 0 1 57 101 17 0 0 0 0 0 37 100 20 0 0 0 0 31 97 61 2 0 0 0 0 0 20 94 33 11 11 18 49 96 79 14 0 0 0 0 0 0 9 81 100 94 94 100 114 90 26 0 0 0 0 0 0 0 1 17 73 91 91 80 47 13 0 0 0 0 0 0 0 0 0 0 0 0 0 0 0 0 0 0 0 0 0 0 0 0 0 0 0 0 0 0 0 0 0 0 0 0 0
0 0 0 0 0 0 0 0 0 0 0 0 0 0 0 0 0 0 0 0 0 0 22 26 3 0 0 0 0 0 0 0 0 0 0 0 0 25 98 71 7 0 0 0 0 0 0 0 0 0 0 0 2 68 74 10 0 0 0 0 0 0 0 0 0 0 0 0 7 83 41 1 0 0 1 1 0 0 0 0 0 0 0 0 32 104 23 0 1 20 46 55 33 3 0 0 0 0 0 1 54 83 4 12 56 105 98 92 104 27 0 0 0 0 0 8 81 59 12 79 103 57 14 14 84 37 0 0 0 0 0 11 92 54 44 101 41 4 0 9 73 23 0 0 0 0 0 12 94 54 57 96 21 0 0 30 84 14 0 0 0 0 0 16 98 58 9 66 73 19 43 87 46 1 0 0 0 0 0 6 64 93 41 36 64 82 92 43 5 0 0 0 0 0 0 0 10 64 92 95 92 76 24 2 0 0 0 0 0 0 0 0 0 3 15 17 13 5 0 0 0 0 0 0 0 0 0 0 0 0 0 0 0 0 0 0 0 0 0 0 0 0 0 0 0 0 0 0 0 0 0 0 0 0 0 0
0 0 0 0 0 0 0 0 0 0 0 0 0 0 0 0 0 0 0 0 0 0 0 0 0 0 0 0 0 0 0 0 0 0 0 0 0 0 0 0 0 0 0 0 0 0 0 0 0 0 0 0 0 0 0 8 15 14 4 2 1 0 0 0 0 0 0 0 0 0 22 79 105 101 54 52 18 0 0 0 0 0 0 0 0 16 92 95 50 46 73 99 26 0 0 0 0 0 0 0 9 76 86 20 1 12 97 66 4 0 0 0 0 0 0 0 38 115 39 1 6 58 107 27 0 0 0 0 0 0 0 0 39 116 65 45 66 112 88 7 0 0 0 0 0 0 0 0 10 69 101 98 81 101 51 1 0 0 0 0 0 0 0 0 0 2 14 12 50 109 23 0 0 0 0 0 0 0 0 0 0 0 0 8 78 77 3 0 0 0 0 0 0 0 0 0 0 0 0 28 106 49 0 0 0 0 0 0 0 0 0 0 0 0 0 47 102 23 0 0 0 0 0 0 0 0 0 0 0 0 0 52 85 10 0 0 0 0 0 0 0 0 0 0 0 0 0 17 31 3 0 0 0 0 0 0
0 0 0 0 0 0 0 0 0 0 0 0 0 0 0 0 0 0 0 0 0 0 0 0 0 0 0 0 0 0 0 0 0 0 0 0 0 0 0 5 18 23 12 1 0 0 0 0 0 0 0 0 0 2 39 80 105 116 92 25 0 0 0 0 0 0 0 0 1 27 107 119 85 97 123 52 0 0 0 0 0 0 0 0 12 84 120 60 11 19 90 95 21 0 0 0 0 0 0 0 35 117 86 10 0 0 30 108 59 0 0 0 0 0 0 3 62 117 41 1 0 0 12 94 70 2 0 0 0 0 0 7 80 98 8 0 0 0 11 95 85 6 0 0 0 0 0 11 92 90 0 0 0 0 11 95 85 6 0 0 0 0 0 10 87 94 4 0 0 0 18 100 47 1 0 0 0 0 0 1 38 105 38 1 0 1 51 89 13 0 0 0 0 0 0 0 7 66 79 17 7 32 96 49 2 0 0 0 0 0 0 0 0 9 62 78 73 92 68 11 0 0 0 0 0 0 0 0 0 0 2 19 27 16 2 0 0 0 0 0 0 0 0 0 0 0 0 0 0 0 0 0 0 0 0 0
0 0 0 0 0 0 0 0 0 0 0 0 0 0 0 0 0 0 0 0 0 0 0 0 0 0 0 0 0 0 0 0 0 0 0 0 0 0 0 35 77 18 0 0 0 0 0 0 0 0 0 0 0 0 0 67 121 47 0 0 0 0 0 0 0 0 0 0 0 0 0 73 122 31 0 0 0 0 0 0 0 0 0 0 0 0 0 59 120 52 0 0 0 0 0 0 0 0 0 0 0 0 0 74 125 59 0 0 0 0 0 0 0 0 0 0 0 0 0 74 124 55 0 0 0 0 0 0 0 0 0 0 0 0 0 74 122 29 0 0 0 0 0 0 0 0 0 0 0 0 0 74 122 25 0 0 0 0 0 0 0 0 0 0 0 0 0 63 121 49 0 0 0 0 0 0 0 0 0 0 0 0 5 78 123 59 0 0 0 0 0 0 0 0 0 0 0 0 27 111 105 37 0 0 0 0 0 0 0 0 0 0 0 0 30 65 21 1 0 0 0 0 0 0 0 0 0 0 0 0 0 0 0 0 0 0 0 0 0 0 0 0 0 0 0 0 0 0 0 0 0 0 0 0 0 0
0 0 0 0 0 0 0 0 0 0 0 0 0 0 0 0 0 0 0 0 0 0 0 0 0 0 0 0 0 0 0 0 0 0 0 0 4 15 24 52 82 81 56 23 1 0 0 0 0 0 0 0 37 99 90 76 62 33 8 2 0 0 0 0 0 0 0 0 27 104 43 7 3 0 0 0 0 0 0 0 0 0 0 0 3 72 51 8 4 0 0 0 0 0 0 0 0 0 0 0 15 91 99 85 80 45 10 0 0 0 0 0 0 0 0 2 49 79 35 27 44 74 76 38 4 0 0 0 0 0 0 0 8 9 0 0 1 7 36 77 47 5 0 0 0 0 0 0 0 0 0 0 0 0 0 28 80 53 0 0 0 0 0 0 0 0 0 0 0 0 0 1 43 82 0 0 0 0 0 0 19 24 0 0 0 2 7 22 73 50 0 0 0 0 0 4 62 83 37 37 43 59 74 79 52 8 0 0 0 0 0 1 23 60 73 76 67 54 35 17 2 0 0 0 0 0 0 0 0 0 0 0 0 0 0 0 0 0 0 0 0 0 0 0 0 0 0 0 0 0 0 0 0 0 0 0
