# 第1层经过矩阵乘法，偏置相加，量化缩放后的golden result:
# 数据格式为int8，16*64个
-4 11 13 0 10 12 -26 -6 -7 8 -23 11 -6 3 14 -3 9 10 -13 10 -4 8 0 5 1 4 -5 15 -11 13 -4 18 12 1 -11 11 14 8 1 17 7 -14 12 15 23 21 6 15 -13 7 -5 11 -2 9 15 1 -1 9 13 -4 9 0 9 2
26 3 33 27 13 22 22 2 1 -3 6 1 10 6 -7 16 20 41 30 -13 -9 -3 18 -10 -10 12 24 -21 0 -1 -10 -38 -7 14 -3 -25 29 -23 -24 -21 8 30 -43 16 -34 -1 9 4 -17 18 2 -23 -12 22 -27 1 -20 22 -32 15 -20 -20 -5 21
6 -3 9 10 3 5 8 11 7 -1 -7 -1 7 0 -2 8 -11 -3 4 10 0 -25 8 12 9 11 12 -2 -5 2 -4 5 7 -2 -2 9 4 6 13 7 0 5 0 4 2 -5 1 3 16 9 -2 3 -2 8 15 7 4 14 -3 5 -6 12 -11 4
20 9 41 24 1 6 -9 -17 3 12 -6 17 4 2 32 -8 43 16 26 6 -8 25 -8 12 -7 -9 -11 21 37 21 -10 -8 5 25 12 -26 5 -1 -35 6 15 16 -5 12 -2 30 16 8 -47 5 -31 -8 8 8 16 0 -30 8 -2 1 9 0 17 0
16 16 15 8 4 -4 -22 2 11 -4 14 -3 17 0 19 -3 18 7 -19 0 -14 23 2 11 19 -10 -36 7 -6 1 -7 -5 3 -2 -3 11 6 1 -43 14 22 -1 19 6 -2 10 20 -12 -15 0 -14 10 19 -12 -14 1 -21 -1 16 4 6 -3 -4 -2
6 -2 10 13 5 5 7 16 8 -3 -8 -1 7 0 -2 9 -15 -6 1 13 -1 -34 13 17 9 18 16 -4 -12 7 -5 9 11 -3 -6 15 5 9 21 13 0 4 1 8 7 -4 -1 5 26 12 -5 3 0 10 21 10 5 17 -1 6 -7 10 -10 5
5 18 8 -6 -10 11 -23 13 11 -9 -9 -11 12 6 4 0 13 6 -4 4 20 10 0 3 22 7 -29 11 -16 -7 -10 22 16 -9 0 16 8 6 -20 21 18 -14 -1 0 -5 6 20 0 -15 0 -7 13 10 -3 -13 10 10 8 9 -12 7 1 -10 2
9 -1 13 13 -17 4 15 15 1 -8 9 9 10 -7 7 2 12 3 -16 -14 9 -6 9 3 -3 16 -7 -1 -29 14 -12 -2 0 -4 -8 2 -1 -8 -24 22 9 7 28 7 4 -10 6 8 -1 -40 0 -6 7 -14 -8 15 5 -2 21 5 -1 -9 -7 15
35 29 38 21 19 -10 -23 12 24 -8 21 -16 34 -4 25 25 9 5 4 10 -30 11 8 17 7 -15 -39 -15 4 -29 -11 -1 5 7 -27 -5 19 3 -29 6 38 2 20 6 -15 0 30 -31 -17 5 7 10 29 1 4 -9 -63 12 2 13 -23 21 15 -3
19 -7 25 7 -5 4 -13 7 4 -9 -22 2 16 2 28 4 2 -11 -12 13 18 3 2 13 14 9 -23 11 -7 10 -11 43 18 7 10 14 6 4 -9 36 19 0 26 9 7 12 13 1 -9 19 -13 22 1 10 16 18 16 14 24 -7 8 -7 -5 3
15 25 23 14 4 17 -30 -19 24 15 -4 -14 -3 7 22 4 33 41 5 -13 2 15 0 3 -11 -33 -25 13 47 -12 -8 2 0 18 -2 -1 4 9 -60 0 30 -2 -2 5 -27 22 36 0 -25 17 -4 0 -7 29 -18 -12 -14 12 -42 -7 2 2 13 5
28 5 16 17 -1 -3 -25 -5 26 -9 0 2 16 0 7 -7 23 14 -9 8 4 3 5 20 16 -1 -11 11 10 0 -9 -2 2 8 2 1 13 16 -42 0 19 19 -4 5 -13 -2 18 -6 -9 -3 -28 9 -1 5 -24 -3 -8 15 -12 0 18 -19 -21 7
16 10 21 6 -3 5 1 17 6 -3 -1 5 20 -2 13 4 12 3 -8 4 6 13 3 12 2 13 -12 1 -20 11 -11 14 7 9 -4 12 9 1 -6 23 13 -10 32 11 7 10 10 -2 -14 5 -2 10 16 6 26 14 3 8 29 -1 5 -3 16 -2
3 15 35 8 5 12 -7 -10 9 10 -5 0 0 5 29 4 38 33 -8 -18 -3 16 -2 12 -18 -20 -21 13 36 12 -9 0 0 24 3 0 4 1 -63 10 25 0 4 12 -13 20 30 5 -22 8 -17 -12 5 17 -6 -3 -23 3 -15 2 3 -11 33 -1
10 -4 4 19 -10 1 27 14 9 -7 -2 -4 6 -2 -5 2 -11 7 14 8 -1 -33 14 14 1 22 20 -3 -16 12 -7 0 19 -4 6 0 0 2 31 9 -2 18 -1 6 11 -1 -3 10 -7 1 0 10 -5 10 30 12 12 14 -2 14 -17 15 -15 21
-2 13 17 1 -18 26 -2 -15 8 0 -13 -2 -3 22 -1 -5 27 41 10 -27 13 -2 -1 -3 -3 1 3 3 0 -5 -8 -4 0 4 22 -2 0 -12 -52 2 15 -5 -14 -2 -32 3 24 18 -10 -7 2 -10 -4 5 -27 5 6 6 -17 -10 3 0 -12 15
