-6 11 10 -2 11 9 -26 -8 -10 8 -25 13 -8 4 13 -4 9 11 -11 10 -4 7 0 5 2 5 -5 13 -10 13 -4 17 12 0 -13 11 14 7 -2 17 6 -15 10 15 25 22 5 15 -14 7 -5 9 -2 9 13 2 -3 8 11 -6 8 -1 10 2
25 3 30 26 14 20 22 1 -2 -4 5 3 9 7 -9 16 20 43 33 -14 -9 -4 19 -12 -11 13 25 -23 2 -3 -10 -39 -8 12 -5 -26 29 -24 -28 -22 7 30 -46 16 -33 -1 8 4 -17 19 3 -26 -12 22 -30 2 -22 21 -34 13 -22 -21 -6 21
5 -4 6 9 4 3 9 10 4 -2 -9 0 6 1 -3 8 -11 -2 7 10 0 -26 9 11 9 11 13 -4 -5 2 -4 4 7 -5 -4 9 4 5 11 7 -1 5 -2 4 4 -5 -1 3 17 9 -2 1 -2 8 13 8 2 12 -5 4 -8 12 -12 5
19 9 38 22 2 3 -9 -19 1 12 -8 19 3 3 31 -9 43 18 29 6 -8 24 -9 11 -8 -9 -11 20 38 21 -10 -10 5 23 12 -26 6 -3 -38 5 14 16 -8 12 -1 31 14 8 -47 6 -31 -11 9 9 14 0 -32 6 -5 0 8 1 18 -1
15 16 13 7 5 -7 -23 1 9 -5 13 -2 16 0 19 -4 19 9 -16 0 -14 22 2 10 19 -10 -36 6 -5 1 -7 -6 4 -4 -5 11 6 0 -46 14 21 -2 17 6 -1 11 19 -14 -15 0 -14 7 20 -12 -17 2 -23 -3 15 3 4 -3 -5 -2
5 -3 8 11 6 2 7 15 6 -4 -10 0 5 0 -3 9 -15 -5 4 13 -1 -36 13 16 9 18 17 -6 -12 6 -5 8 11 -5 -8 15 5 8 19 13 -2 4 -1 8 8 -4 -4 5 27 12 -5 1 1 11 18 11 4 16 -3 5 -9 11 -11 6
4 18 6 -8 -10 8 -24 12 8 -10 -11 -10 10 7 4 -1 13 8 -2 4 22 9 -1 3 22 8 -29 10 -16 -8 -10 21 16 -12 -2 16 8 6 -23 21 17 -15 -4 0 -4 7 18 -1 -16 1 -7 11 11 -4 -16 10 9 6 8 -14 6 1 -10 2
8 -2 11 11 -17 1 16 14 -2 -9 8 11 9 -7 7 2 13 4 -14 -15 10 -8 9 2 -4 16 -8 -3 -29 13 -12 -4 0 -6 -10 3 -2 -10 -28 21 8 7 26 7 6 -10 5 7 -2 -40 -1 -9 8 -15 -11 16 3 -4 19 4 -4 -9 -7 15
34 29 36 20 20 -14 -23 11 21 -9 20 -15 32 -4 25 25 10 7 7 10 -29 10 8 16 7 -16 -39 -17 5 -31 -11 -3 5 6 -28 -5 19 2 -33 5 37 2 18 7 -14 0 28 -33 -18 6 8 8 30 2 1 -9 -65 11 1 12 -25 21 15 -3
18 -8 23 5 -5 1 -14 6 1 -10 -24 4 15 2 27 4 2 -10 -10 13 19 2 2 12 14 10 -23 10 -7 9 -11 42 18 6 10 14 7 3 -12 36 18 0 24 9 9 12 11 0 -10 19 -13 20 2 11 14 19 15 13 23 -9 7 -8 -6 3
14 25 21 13 5 15 -30 -21 22 15 -6 -13 -6 8 22 4 34 43 8 -14 3 14 0 2 -11 -34 -25 12 49 -13 -8 1 0 16 -3 -2 4 9 -64 0 29 -3 -4 5 -26 23 35 -1 -26 18 -4 -4 -7 30 -22 -12 -16 11 -44 -10 1 2 13 6
26 5 14 16 -1 -7 -25 -7 24 -10 -2 4 14 0 7 -8 24 16 -7 8 5 2 5 19 16 -1 -11 10 12 -1 -9 -3 3 6 1 2 13 15 -46 -1 18 19 -7 5 -12 -2 17 -7 -9 -4 -28 7 -1 6 -28 -3 -10 13 -14 -2 16 -19 -22 7
15 10 19 5 -3 2 1 16 4 -4 -4 7 18 -2 13 4 12 5 -6 4 7 13 4 11 3 13 -13 0 -19 10 -11 14 7 8 -6 13 10 0 -10 23 11 -11 30 11 9 11 9 -4 -14 5 -2 7 17 7 24 14 2 7 28 -3 4 -4 16 -2
2 15 33 6 6 9 -7 -12 7 10 -7 2 -2 6 28 4 39 35 -6 -19 -3 15 -3 11 -19 -21 -21 12 38 11 -9 -1 0 23 2 0 4 0 -66 9 24 0 2 12 -12 21 28 4 -22 9 -18 -15 5 18 -9 -3 -25 1 -18 1 1 -12 33 -2
9 -5 2 18 -10 -2 28 13 6 -8 -4 -3 4 -2 -7 2 -11 9 17 8 -1 -35 14 13 2 22 21 -5 -15 12 -7 -1 19 -6 6 0 -1 1 29 9 -4 18 -4 6 12 -1 -5 9 -8 1 1 7 -5 11 27 13 11 12 -4 13 -19 16 -16 22
-4 13 15 0 -18 24 -3 -17 6 0 -15 -1 -5 23 -3 -6 27 43 13 -28 14 -3 -2 -5 -3 2 3 2 2 -7 -8 -6 0 2 21 -3 1 -13 -55 2 14 -6 -16 -3 -31 4 23 17 -10 -7 3 -13 -4 5 -30 6 4 5 -19 -13 2 0 -13 16
